c(12, 10, 11, 6, 8, 15, 387, 10, 11, 13, 7, 11, 12, 14, 3, 15, 
16, 38, 40, 385, 390, 5, 12, 3, 10, 13, 15, 13, 14, 16, 44, 2, 
4, 8, 11, 13, 2, 4, 5, 10, 12, 13, 14, 1, 5, 7, 11, 4, 8, 9, 
10, 11, 14, 15, 16, 5, 9, 11, 13, 44, 3, 6, 8, 13, 16, 6, 9, 
13, 15, 38, 44, 18, 20, 23, 26, 27, 17, 22, 26, 27, 32, 20, 23, 
17, 19, 23, 26, 31, 36, 45, 494, 498, 24, 25, 139, 142, 145, 
521, 543, 18, 24, 25, 27, 32, 491, 503, 530, 17, 19, 20, 27, 
491, 492, 494, 495, 21, 22, 25, 32, 33, 142, 21, 22, 24, 530, 
543, 17, 18, 20, 31, 32, 17, 18, 22, 23, 32, 491, 31, 34, 46, 
47, 59, 60, 61, 64, 106, 31, 32, 33, 35, 105, 20, 26, 28, 30, 
32, 34, 35, 36, 43, 18, 22, 24, 26, 27, 30, 31, 33, 24, 30, 32, 
104, 105, 29, 31, 35, 43, 46, 106, 30, 31, 34, 105, 106, 20, 
31, 43, 45, 41, 42, 44, 62, 65, 6, 16, 40, 42, 43, 44, 40, 45, 
362, 390, 391, 496, 498, 6, 38, 39, 43, 45, 390, 37, 42, 46, 
62, 64, 37, 38, 41, 43, 44, 46, 31, 34, 36, 38, 40, 42, 45, 46, 
9, 14, 16, 37, 38, 42, 20, 36, 39, 40, 43, 498, 29, 34, 41, 42, 
43, 64, 29, 59, 62, 64, 53, 58, 52, 59, 62, 60, 99, 56, 49, 54, 
56, 58, 59, 62, 48, 58, 63, 52, 55, 58, 59, 60, 61, 54, 57, 58, 
60, 99, 51, 52, 58, 62, 63, 55, 96, 99, 48, 52, 53, 54, 55, 56, 
63, 29, 47, 49, 52, 54, 61, 62, 29, 50, 54, 55, 61, 99, 100, 
102, 103, 106, 29, 54, 59, 60, 37, 41, 47, 49, 52, 56, 59, 64, 
65, 53, 56, 58, 29, 41, 46, 47, 62, 37, 62, 67, 77, 78, 66, 69, 
71, 72, 77, 78, 80, 71, 72, 77, 93, 94, 98, 108, 113, 67, 78, 
79, 80, 78, 79, 89, 67, 68, 72, 77, 67, 68, 71, 80, 93, 74, 75, 
90, 91, 73, 75, 77, 91, 73, 74, 77, 90, 113, 79, 80, 96, 66, 
67, 68, 71, 74, 75, 78, 83, 84, 91, 113, 66, 67, 69, 70, 77, 
79, 83, 86, 87, 89, 69, 70, 76, 78, 80, 89, 67, 69, 72, 76, 79, 
93, 96, 98, 85, 92, 147, 77, 78, 84, 87, 91, 92, 77, 83, 91, 
81, 86, 88, 89, 78, 85, 87, 88, 89, 78, 83, 86, 88, 92, 85, 86, 
87, 92, 147, 160, 70, 78, 79, 85, 86, 73, 75, 91, 92, 113, 115, 
116, 148, 73, 74, 77, 83, 84, 90, 92, 82, 83, 87, 88, 90, 91, 
147, 148, 153, 68, 72, 80, 98, 68, 98, 108, 112, 97, 99, 100, 
57, 76, 80, 97, 98, 99, 95, 96, 98, 99, 100, 111, 119, 68, 80, 
93, 94, 96, 97, 108, 109, 112, 119, 50, 55, 57, 60, 95, 96, 97, 
100, 60, 95, 97, 99, 102, 111, 118, 102, 103, 105, 60, 100, 101, 
103, 105, 107, 118, 60, 101, 102, 105, 106, 33, 105, 107, 114, 
142, 144, 30, 33, 35, 101, 102, 103, 104, 106, 107, 29, 34, 35, 
60, 103, 105, 102, 104, 105, 114, 118, 68, 94, 98, 109, 112, 
113, 98, 108, 110, 113, 119, 109, 113, 115, 119, 97, 100, 118, 
119, 94, 98, 108, 68, 75, 77, 90, 108, 109, 110, 115, 104, 107, 
115, 116, 117, 118, 144, 90, 110, 113, 114, 116, 118, 119, 90, 
114, 115, 117, 148, 114, 116, 135, 137, 144, 148, 156, 100, 102, 
107, 111, 114, 115, 119, 97, 98, 109, 110, 111, 115, 118, 125, 
131, 122, 126, 127, 128, 129, 131, 133, 121, 128, 131, 126, 129, 
132, 166, 180, 125, 126, 130, 170, 179, 200, 202, 120, 124, 126, 
130, 131, 299, 121, 123, 124, 125, 129, 131, 166, 172, 180, 121, 
129, 132, 133, 135, 136, 121, 122, 131, 133, 138, 140, 299, 300, 
305, 121, 123, 126, 127, 132, 124, 125, 201, 202, 304, 120, 121, 
122, 125, 126, 128, 299, 123, 127, 129, 136, 155, 180, 121, 127, 
128, 134, 135, 138, 133, 135, 137, 138, 117, 127, 133, 134, 136, 
137, 156, 127, 132, 135, 155, 156, 117, 134, 135, 138, 143, 144, 
128, 133, 134, 137, 140, 141, 143, 21, 142, 128, 138, 141, 300, 
301, 514, 527, 138, 140, 143, 145, 514, 515, 21, 24, 104, 139, 
143, 144, 145, 137, 138, 141, 142, 144, 145, 104, 114, 117, 137, 
142, 143, 21, 141, 142, 143, 515, 521, 528, 152, 155, 156, 82, 
88, 92, 152, 153, 160, 90, 92, 116, 117, 153, 156, 150, 154, 
172, 174, 177, 180, 149, 154, 158, 161, 177, 327, 152, 154, 158, 
160, 146, 147, 151, 153, 154, 155, 156, 160, 92, 147, 148, 152, 
156, 149, 150, 151, 152, 155, 158, 180, 132, 136, 146, 152, 154, 
156, 180, 117, 135, 136, 146, 148, 152, 153, 155, 161, 150, 151, 
154, 159, 160, 161, 158, 160, 161, 88, 147, 151, 152, 158, 159, 
150, 157, 158, 159, 323, 327, 165, 179, 200, 176, 181, 173, 178, 
181, 162, 179, 200, 123, 126, 180, 173, 178, 181, 179, 197, 202, 
124, 172, 173, 179, 181, 326, 126, 149, 170, 173, 174, 180, 164, 
167, 170, 172, 174, 176, 178, 179, 181, 149, 172, 173, 176, 177, 
178, 179, 196, 197, 198, 163, 173, 174, 177, 181, 149, 150, 174, 
176, 324, 326, 327, 164, 167, 173, 175, 179, 181, 124, 162, 165, 
169, 170, 173, 175, 178, 197, 200, 202, 123, 126, 132, 149, 154, 
155, 166, 172, 163, 164, 168, 171, 173, 176, 178, 326, 183, 184, 
186, 187, 182, 184, 186, 204, 205, 218, 182, 183, 185, 187, 217, 
184, 187, 193, 194, 221, 182, 183, 187, 189, 205, 182, 184, 185, 
186, 189, 191, 194, 189, 186, 187, 188, 190, 191, 197, 201, 202, 
205, 189, 191, 192, 201, 187, 189, 190, 192, 194, 289, 190, 191, 
201, 289, 293, 304, 305, 307, 185, 194, 221, 314, 315, 320, 185, 
187, 191, 193, 289, 320, 198, 175, 197, 169, 175, 179, 189, 196, 
198, 202, 204, 205, 175, 195, 197, 204, 206, 210, 200, 202, 124, 
162, 165, 179, 199, 202, 130, 189, 190, 192, 202, 304, 124, 130, 
169, 179, 189, 197, 199, 200, 201, 204, 205, 183, 197, 198, 203, 
205, 206, 218, 183, 186, 189, 197, 203, 204, 198, 204, 210, 211, 
218, 219, 208, 209, 207, 209, 212, 215, 216, 207, 208, 210, 212, 
198, 206, 209, 211, 212, 206, 210, 212, 213, 219, 208, 209, 210, 
211, 213, 214, 216, 211, 212, 214, 219, 225, 212, 213, 223, 225, 
208, 216, 208, 212, 215, 184, 218, 219, 221, 222, 225, 183, 204, 
206, 217, 219, 206, 211, 213, 217, 218, 225, 221, 316, 185, 193, 
217, 220, 222, 315, 316, 217, 221, 224, 225, 311, 316, 319, 214, 
224, 225, 317, 222, 223, 225, 311, 317, 319, 321, 213, 214, 217, 
219, 222, 223, 224, 234, 243, 244, 232, 237, 242, 245, 241, 247, 
258, 247, 238, 240, 242, 246, 248, 227, 236, 237, 242, 244, 312, 
235, 241, 242, 245, 226, 243, 244, 254, 266, 294, 295, 320, 233, 
236, 241, 242, 255, 232, 235, 242, 244, 254, 255, 227, 232, 239, 
242, 246, 312, 231, 248, 318, 237, 246, 248, 312, 313, 318, 231, 
242, 245, 229, 233, 235, 245, 247, 255, 258, 227, 231, 232, 233, 
235, 236, 237, 240, 245, 246, 226, 234, 244, 312, 320, 226, 232, 
234, 236, 243, 254, 228, 233, 240, 241, 242, 247, 231, 237, 239, 
242, 248, 229, 230, 241, 245, 231, 238, 239, 246, 318, 255, 256, 
259, 253, 256, 257, 258, 259, 260, 252, 256, 257, 234, 236, 244, 
255, 266, 268, 235, 236, 241, 249, 254, 258, 259, 260, 268, 250, 
252, 253, 258, 252, 253, 259, 265, 229, 241, 252, 255, 256, 260, 
251, 252, 255, 257, 260, 265, 268, 252, 255, 258, 259, 264, 268, 
267, 261, 266, 267, 269, 276, 292, 257, 259, 268, 269, 234, 254, 
264, 268, 269, 292, 294, 263, 264, 269, 270, 276, 254, 255, 259, 
262, 265, 266, 269, 264, 265, 266, 267, 268, 267, 276, 283, 275, 
276, 277, 279, 271, 276, 277, 278, 282, 290, 293, 302, 303, 306, 
264, 267, 270, 272, 275, 278, 279, 281, 283, 292, 273, 275, 280, 
282, 302, 522, 539, 275, 276, 290, 292, 274, 276, 280, 281, 283, 
448, 451, 526, 534, 277, 279, 281, 282, 526, 529, 533, 539, 276, 
279, 280, 282, 275, 277, 280, 281, 270, 276, 279, 289, 286, 287, 
290, 285, 287, 291, 285, 286, 288, 290, 291, 292, 294, 287, 294, 
191, 192, 194, 284, 291, 293, 294, 295, 320, 275, 278, 285, 287, 
291, 292, 293, 286, 287, 289, 290, 293, 294, 264, 266, 276, 278, 
287, 290, 294, 192, 275, 289, 290, 291, 303, 307, 234, 266, 287, 
288, 289, 291, 292, 295, 234, 289, 294, 320, 299, 304, 306, 307, 
125, 128, 131, 296, 304, 305, 128, 140, 301, 305, 306, 140, 300, 
302, 306, 522, 527, 275, 277, 301, 306, 522, 275, 293, 306, 307, 
130, 192, 201, 296, 299, 305, 128, 192, 299, 300, 304, 306, 307, 
275, 297, 300, 301, 302, 303, 305, 307, 192, 293, 298, 303, 305, 
306, 312, 313, 318, 321, 222, 224, 319, 232, 237, 239, 243, 308, 
313, 320, 239, 308, 312, 314, 315, 318, 319, 320, 193, 313, 315, 
320, 193, 221, 313, 314, 316, 319, 220, 221, 222, 315, 319, 223, 
224, 321, 238, 239, 248, 309, 313, 319, 321, 222, 224, 311, 313, 
315, 316, 318, 321, 193, 194, 234, 243, 289, 295, 312, 313, 314, 
224, 310, 317, 318, 319, 324, 325, 326, 161, 325, 327, 177, 322, 
325, 326, 327, 322, 323, 324, 327, 171, 177, 181, 322, 324, 150, 
161, 177, 323, 324, 325, 329, 334, 354, 359, 361, 363, 373, 328, 
341, 349, 354, 361, 370, 342, 366, 344, 346, 346, 349, 367, 328, 
363, 336, 335, 345, 364, 371, 397, 341, 345, 367, 370, 347, 352, 
368, 437, 449, 453, 458, 344, 346, 349, 351, 354, 356, 342, 353, 
358, 363, 471, 472, 473, 329, 337, 345, 350, 361, 370, 371, 330, 
340, 359, 363, 366, 473, 488, 490, 344, 347, 356, 357, 368, 369, 
331, 339, 343, 348, 351, 356, 369, 336, 337, 341, 371, 332, 333, 
339, 349, 351, 338, 343, 352, 357, 368, 344, 351, 369, 329, 333, 
339, 346, 354, 367, 370, 341, 360, 361, 371, 395, 339, 344, 346, 
348, 338, 347, 353, 357, 458, 469, 340, 352, 357, 358, 469, 472, 
328, 329, 339, 349, 356, 373, 359, 360, 362, 365, 366, 372, 493, 
339, 343, 344, 354, 357, 373, 343, 347, 352, 353, 356, 358, 373, 
340, 353, 357, 363, 373, 328, 342, 355, 360, 361, 363, 366, 350, 
355, 359, 361, 372, 395, 328, 329, 341, 350, 359, 360, 39, 355, 
365, 391, 396, 493, 496, 328, 334, 340, 342, 358, 359, 373, 336, 
371, 395, 397, 405, 355, 362, 372, 392, 396, 330, 342, 355, 359, 
490, 493, 333, 337, 349, 370, 338, 343, 347, 369, 437, 440, 441, 
343, 344, 348, 368, 440, 459, 329, 337, 341, 349, 367, 336, 341, 
345, 350, 364, 395, 355, 360, 365, 392, 395, 399, 328, 354, 356, 
357, 358, 363, 386, 394, 395, 408, 382, 400, 402, 388, 401, 404, 
409, 381, 384, 393, 394, 408, 380, 384, 386, 394, 407, 410, 376, 
383, 400, 409, 382, 389, 400, 403, 409, 380, 381, 386, 388, 393, 
6, 387, 390, 402, 374, 381, 384, 388, 410, 3, 385, 402, 409, 
378, 384, 386, 393, 398, 404, 406, 383, 392, 400, 403, 406, 408, 
6, 39, 40, 385, 391, 402, 39, 362, 390, 396, 402, 365, 372, 389, 
396, 399, 403, 408, 380, 384, 388, 406, 408, 375, 380, 381, 395, 
405, 407, 408, 350, 360, 364, 371, 372, 375, 394, 399, 405, 408, 
362, 365, 391, 392, 402, 403, 336, 364, 405, 407, 388, 400, 404, 
406, 372, 392, 395, 408, 376, 382, 383, 389, 398, 406, 378, 377, 
385, 387, 390, 391, 396, 403, 409, 383, 389, 392, 396, 402, 409, 
378, 388, 398, 364, 394, 395, 397, 407, 388, 389, 393, 398, 400, 
408, 381, 394, 397, 405, 375, 380, 389, 392, 393, 394, 395, 399, 
406, 379, 382, 383, 387, 402, 403, 381, 386, 424, 430, 428, 432, 
450, 435, 443, 448, 451, 460, 464, 418, 445, 455, 463, 417, 419, 
442, 455, 457, 464, 418, 442, 448, 451, 452, 464, 421, 435, 440, 
441, 444, 447, 456, 420, 428, 441, 456, 433, 436, 443, 478, 486, 
510, 426, 430, 431, 445, 411, 430, 434, 438, 439, 454, 457, 463, 
429, 443, 467, 483, 423, 431, 432, 450, 436, 438, 446, 449, 453, 
454, 412, 421, 432, 437, 441, 446, 450, 456, 425, 443, 458, 461, 
468, 472, 411, 423, 424, 431, 438, 445, 463, 423, 426, 430, 432, 
438, 446, 412, 426, 428, 431, 446, 450, 422, 436, 454, 510, 424, 
439, 454, 460, 464, 510, 536, 413, 420, 444, 447, 462, 422, 427, 
433, 443, 449, 454, 461, 338, 368, 428, 441, 446, 453, 424, 427, 
430, 431, 446, 454, 424, 434, 457, 464, 368, 369, 420, 441, 447, 
459, 368, 420, 421, 428, 437, 440, 418, 419, 448, 414, 422, 425, 
429, 436, 461, 478, 479, 483, 485, 420, 435, 462, 417, 423, 430, 
463, 427, 428, 431, 432, 437, 438, 453, 420, 435, 440, 459, 279, 
415, 419, 442, 451, 338, 427, 436, 453, 458, 461, 412, 426, 428, 
432, 456, 279, 415, 419, 448, 452, 520, 534, 544, 419, 451, 460, 
464, 520, 338, 427, 437, 446, 449, 424, 427, 433, 434, 436, 438, 
417, 418, 420, 421, 428, 450, 418, 424, 439, 463, 464, 338, 352, 
429, 449, 461, 469, 472, 369, 440, 447, 416, 434, 452, 464, 518, 
520, 536, 429, 436, 443, 449, 458, 435, 444, 417, 424, 430, 445, 
457, 416, 418, 419, 434, 439, 452, 457, 460, 467, 468, 470, 471, 
470, 475, 477, 483, 499, 500, 425, 465, 468, 470, 483, 429, 465, 
467, 471, 472, 352, 353, 458, 472, 465, 466, 467, 471, 473, 483, 
499, 340, 465, 468, 470, 472, 473, 340, 353, 429, 458, 468, 469, 
471, 340, 342, 470, 471, 488, 499, 479, 483, 466, 477, 491, 495, 
497, 500, 477, 482, 483, 484, 466, 475, 476, 483, 484, 497, 422, 
443, 480, 485, 486, 443, 474, 481, 482, 483, 485, 478, 481, 485, 
486, 511, 516, 524, 537, 479, 480, 482, 485, 513, 537, 476, 479, 
481, 483, 484, 513, 425, 443, 466, 467, 470, 474, 476, 477, 479, 
482, 476, 477, 482, 497, 503, 513, 530, 538, 443, 478, 479, 480, 
481, 422, 478, 480, 510, 516, 518, 536, 488, 499, 502, 504, 342, 
473, 487, 490, 499, 501, 504, 492, 494, 496, 498, 501, 504, 342, 
366, 488, 493, 501, 22, 23, 27, 475, 495, 497, 503, 23, 489, 
494, 495, 502, 504, 355, 362, 366, 490, 496, 501, 20, 23, 489, 
492, 498, 23, 475, 491, 492, 500, 502, 39, 362, 489, 493, 498, 
501, 475, 477, 484, 491, 503, 20, 39, 45, 489, 494, 496, 466, 
470, 473, 487, 488, 500, 502, 466, 475, 495, 499, 502, 488, 489, 
490, 493, 496, 504, 487, 492, 495, 499, 500, 504, 22, 484, 491, 
497, 530, 487, 488, 489, 492, 501, 502, 512, 517, 518, 524, 542, 
523, 541, 542, 422, 433, 434, 486, 536, 480, 524, 537, 542, 505, 
517, 519, 523, 532, 541, 542, 481, 482, 484, 537, 538, 140, 141, 
515, 519, 527, 535, 141, 145, 514, 519, 525, 528, 480, 486, 518, 
524, 540, 505, 512, 519, 525, 537, 542, 460, 486, 506, 516, 520, 
531, 536, 540, 544, 512, 514, 515, 517, 525, 535, 541, 451, 452, 
460, 518, 544, 21, 145, 528, 543, 277, 301, 302, 523, 527, 529, 
539, 541, 508, 512, 522, 529, 532, 541, 480, 507, 511, 516, 531, 
532, 540, 542, 515, 517, 519, 528, 537, 538, 279, 280, 531, 533, 
534, 140, 301, 514, 522, 535, 541, 145, 515, 521, 525, 538, 543, 
280, 522, 523, 532, 533, 539, 22, 25, 484, 503, 538, 543, 518, 
524, 526, 532, 533, 534, 540, 544, 512, 523, 524, 529, 531, 533, 
542, 280, 526, 529, 531, 532, 279, 451, 526, 531, 544, 514, 519, 
527, 541, 434, 460, 486, 510, 518, 480, 481, 511, 513, 517, 525, 
538, 542, 484, 513, 525, 528, 530, 537, 543, 277, 280, 522, 529, 
516, 518, 524, 531, 508, 512, 519, 522, 523, 527, 535, 507, 509, 
511, 512, 517, 524, 532, 537, 21, 25, 521, 528, 530, 538, 451, 
518, 520, 531, 534)
